reverse all vals from 3rd position to 5th from last
v = 0 0 0 0 0 0 0 0 0 0 0 0 0 0 0 
v = 5 6 7 8 9 10 11 12 13 14 15 16 17 18 19 
v = 5 6 17 16 15 14 13 12 11 10 9 8 7 18 19 
v = 20 20 20 20 15 14 13 12 11 10 9 8 7 18 19 
v = 20 7 8 9 10 11 12 13 14 15 18 20 20 20 19 
v = 20 8 10 12 14 18 20 20 20 7 9 11 13 15 19 

reverse 3rd from last and 5th from last
v = 0 0 0 0 0 0 0 0 0 0 0 0 0 0 0 
v = 5 6 7 8 9 10 11 12 13 14 15 16 17 18 19 
v = 5 6 7 8 9 10 11 12 13 14 17 16 15 18 19 
v = 20 20 20 20 9 10 11 12 13 14 17 16 15 18 19 
v = 20 9 10 11 12 13 14 15 16 17 18 20 20 20 19 
v = 20 10 12 14 16 18 20 20 20 9 11 13 15 17 19 
